# Eveready Gold

1.431475
1.3495
1.3237333333333334
1.2924499999999999
1.263725
1.2423166666666667
1.2302416666666667
1.2136583333333333
1.2002083333333333
1.1888583333333334
1.1760666666666666
1.1639166666666667
1.146625
1.13055
1.125175
1.1044333333333334
1.0853833333333334
1.0757166666666667
1.05355
1.0488916666666666
1.0225083333333334
0.9408416666666667
0.9273916666666667
0.8771833333333333
0.7734
0.695975
0.5907749999999999
0.5233
0.4654583333333333
0.4195083333333333
0.38338333333333335
0.34021666666666667
0.29464166666666664
0.251925
0.214275
0.18763333333333335
0.17016666666666666
0.15700833333333333
0.14782499999999998
0.141025
0.15940000000000001
0.16998333333333335
0.16524166666666668
0.17400833333333332
0.13968333333333333

# Energizer Max Plus

1.2681333333333333
1.1992666666666667
1.164925
1.1439833333333334
1.128125
1.0421083333333334
0.8238333333333333
0.8571583333333334
1.23425
1.19045
1.17405
1.165975
1.1561083333333333
1.1495416666666667
1.141575
1.1291833333333334
1.1181583333333334
1.1018416666666666
1.0765416666666667
0.9936583333333333
0.9467333333333333
0.9468583333333332
0.9310583333333333
0.9227083333333334
0.9051750000000001
0.8816083333333333
0.8653416666666667
0.8451166666666666
0.8173916666666666
0.77225
0.721075
0.69455
0.6590166666666667
0.5984916666666666
0.53385
0.47308333333333336
0.4207916666666667
0.38805833333333334
0.35210833333333336
0.313225
0.287775
0.266425
0.25109166666666666
0.23813333333333334
0.27815833333333334
0.304575
0.3040583333333333
0.29769166666666663
0.29283333333333333
0.2831416666666667
0.2746166666666667
0.265
0.245475
0.21751666666666666
0.19070833333333334
0.14178333333333334
0.0776
0.05980833333333333
0.052225
0.048808333333333336
0.047075
0.045675
0.04430833333333333
0.04305833333333333
0.04231666666666667
0.04144166666666667
0.042208333333333334
0.03294166666666667
0.03816666666666667
0.09906666666666666
0.10793333333333334
0.11174166666666667
0.15254166666666666
0.14305833333333334
0.10439999999999999
0.114875
0.30014166666666664
0.412675
0.2745666666666667

# Chevron

1.3932833333333334
1.3264666666666667
1.2924333333333333
1.2646416666666667
1.2410083333333335
1.2249333333333334
1.2079666666666666
1.1941666666666666
1.1810916666666667
1.169175
1.1562583333333334
1.140075
1.1263
1.1261666666666668
1.1204833333333333
1.1083083333333335
1.0942916666666667
1.0831833333333334
1.0741333333333334
1.0598666666666667
1.0346666666666666
0.9973083333333334
0.9423666666666667
0.798475
0.2592
0.19285
0.24013333333333334
0.21314166666666667
0.22440833333333335
0.17556666666666668
0.15741666666666668
0.20521666666666666
0.18413333333333334
0.205375
0.2645166666666667
0.18695833333333334
0.24040833333333333
0.21884166666666666
0.25490833333333335
0.28599166666666664
0.4345833333333333
0.41836666666666666
0.23985
0.4303416666666667
0.6410916666666667
0.6890000000000001
0.6794333333333333
0.66295
0.5405166666666666
0.17336666666666667
0.16444166666666668
0.16528333333333334
0.16300833333333334
0.16181666666666666
0.16321666666666668
0.149475
0.158
0.15433333333333332
0.14309166666666664
0.3829666666666667
0.4166666666666667
0.31188333333333335
0.25811666666666666
0.26382500000000003
0.25508333333333333
0.255925
0.2750916666666667
0.2894
0.3057666666666667
0.12370833333333334
0.10539166666666666

# Eveready Gold

1.2664333333333333
0.9629666666666666
0.7252416666666667
0.07993333333333334
0.017
0.017
0.017
0.017
0.017
0.017
0.017
0.017
0.067025
0.976875
0.8953666666666666
0.8667666666666667
0.8020666666666667
0.8362833333333334
0.97145
0.8886999999999999
0.8725583333333333
0.8853416666666667
0.8856
0.824825
0.8297583333333334
0.7300333333333333
0.6910333333333334
0.7016916666666666
0.7058083333333333
0.7112416666666667
0.7290166666666666
0.642625
0.605725
0.60555
0.63215
0.5360416666666666
0.7568416666666666
0.6410666666666667
0.017150000000000002
0.017
0.017
0.017
0.017
0.017
0.017
0.017
0.422425
0.12198333333333333
0.20505833333333334
0.017008333333333334
0.017008333333333334
0.017008333333333334
0.01701666666666667
0.01701666666666667
0.017
0.017
0.017025000000000002
0.01701666666666667
0.017
0.017008333333333334
0.017
0.02474166666666667
0.017
0.23589166666666667
0.4991083333333333
0.18321666666666667
0.172775
0.149175
0.10370833333333333
0.017133333333333334
0.018383333333333335
0.13960833333333333
0.01701666666666667
0.017008333333333334
0.017
0.017
0.017
0.017
0.017
0.017
0.017
0.017
0.017
0.017
0.017
0.017
0.017
0.23145
0.20094166666666666
0.07137500000000001
0.05529166666666667
0.092475
0.08040833333333333
0.017
0.017
0.057541666666666665
0.15028333333333332
0.017
0.017
0.017
0.017
0.017
0.017
0.017
0.017
0.017
0.017
0.017
0.017
0.017

# Energizer Max Plus

0.42956666666666665
0.29470833333333335
0.017
0.01701666666666667
0.017
0.017008333333333334
0.017025000000000002
0.017008333333333334
0.017
0.017008333333333334
0.017033333333333334
0.017
0.017008333333333334
0.017
0.02474166666666667
0.017
0.017
0.6181166666666666
0.16480833333333333
0.2005
0.10759166666666667
0.14915
0.10370833333333333
0.017133333333333334
0.07035
0.08765833333333334
0.017008333333333334
0.017
0.017
0.017
0.017
0.017
0.017
0.017
0.017
0.017
0.017
0.017
0.017
0.017
0.12804166666666666
0.15985
0.18506666666666666
0.04790833333333334
0.11346666666666666
0.09760833333333334
0.017
0.017
0.017
0.190825
0.017
0.017
0.017
0.017
0.017
0.017
0.017
0.017
0.017
0.017
0.017
0.017
0.017
0.017

# Chevron

1.258975
1.223625
1.1961666666666666
1.1713416666666667
1.14095
1.1254166666666667
1.10735
1.0916333333333335
1.0638833333333333
1.039525
1.0310083333333333
1.0220583333333333
1.0146083333333333
1.0053916666666667
0.9937166666666667
0.984575
0.9749083333333333
0.9397000000000001
0.924925
0.8921083333333334
0.8738166666666667
0.8518666666666667
0.8541166666666666
0.8553999999999999
0.8236
0.7898666666666667
0.7767333333333334
0.8062083333333333
0.80455
0.7206333333333333
0.7287333333333333
0.23928333333333332
0.375575
0.482625
0.42145
0.43506666666666666
0.3878333333333333
0.303525
0.23698333333333332
0.084975
0.08835
0.098375
0.09080833333333334
0.096225
0.14560833333333334
0.148225
0.16033333333333333
0.17828333333333332
0.217375
0.142775
0.35308333333333336
0.433825
0.38001666666666667
0.3564083333333333
0.309025
0.404975
0.43004166666666666
0.41916666666666663
0.3932833333333334
0.369675
0.3487
0.32880833333333337
0.3115833333333333
0.2940833333333333
0.27829166666666666
0.26298333333333335
0.2489
0.23650833333333332
0.226025
0.22369166666666668
0.22010833333333332
0.21918333333333334
0.21506666666666666
0.21034166666666665
0.20345833333333332
0.18851666666666667
0.14198333333333332
0.068675
0.04849166666666667
0.731775
1.1344
1.0826083333333334
1.0626166666666668
1.0468833333333334
1.0362083333333334
1.0078916666666666
1.0277833333333333
0.9930083333333333
0.9785166666666667
0.9612499999999999
0.9389
1.0376166666666666
1.0963166666666666
1.0810333333333333
1.0717916666666667
1.0663083333333334
1.0599166666666666
1.0482583333333333
1.0358666666666667
1.02755
0.9940583333333333
0.9701
0.9509166666666666
0.972575
0.9484999999999999
0.9180583333333333
0.8701416666666667
0.76805
0.7617666666666667
0.7343166666666666
0.6773083333333334
0.6629583333333333
0.6198333333333333
0.5723333333333334
0.543875
0.4436
0.28734166666666666
0.18359166666666668
0.15468333333333334
0.14190833333333333
0.134125
0.12881666666666666
0.12484166666666667
0.122275
0.11566666666666667
0.10438333333333333
0.17561666666666667
0.42223333333333335
0.30461666666666665
0.27013333333333334
0.22443333333333335
0.205475
0.20808333333333334
0.21615833333333334
0.17875
0.167875
0.1764
0.17331666666666667
0.193625
0.15508333333333332
0.190525
0.23709166666666667
0.177425
0.152875
0.1292
0.13198333333333334
0.14090833333333333
0.1502

