# Eveready Gold

1.431475
1.3495
1.3237333333333334
1.2924499999999999
1.263725
1.2423166666666667
1.2302416666666667
1.2136583333333333
1.2002083333333333
1.1888583333333334
1.1760666666666666
1.1639166666666667
1.146625
1.13055
1.125175
1.1044333333333334
1.0853833333333334
1.0757166666666667
1.05355
1.0488916666666666
1.0225083333333334
0.9408416666666667
0.9273916666666667
0.8771833333333333
0.7734
0.695975
0.5907749999999999
0.5233
0.4654583333333333
0.4195083333333333
0.38338333333333335
0.34021666666666667
0.29464166666666664
0.251925
0.214275
0.18763333333333335
0.17016666666666666
0.15700833333333333
0.14782499999999998
0.141025
0.15940000000000001
0.16998333333333335
0.16524166666666668
0.17400833333333332
0.13968333333333333

# Energizer Max Plus

1.2681333333333333
1.1992666666666667
1.164925
1.1439833333333334
1.128125
1.0421083333333334
0.8238333333333333
0.8571583333333334
1.23425
1.19045
1.17405
1.165975
1.1561083333333333
1.1495416666666667
1.141575
1.1291833333333334
1.1181583333333334
1.1018416666666666
1.0765416666666667
0.9936583333333333
0.9467333333333333
0.9468583333333332
0.9310583333333333
0.9227083333333334
0.9051750000000001
0.8816083333333333
0.8653416666666667
0.8451166666666666
0.8173916666666666
0.77225
0.721075
0.69455
0.6590166666666667
0.5984916666666666
0.53385
0.47308333333333336
0.4207916666666667
0.38805833333333334
0.35210833333333336
0.313225
0.287775
0.266425
0.25109166666666666
0.23813333333333334
0.27815833333333334

# Chevron

1.3932833333333334
1.3264666666666667
1.2924333333333333
1.2646416666666667
1.2410083333333335
1.2249333333333334
1.2079666666666666
1.1941666666666666
1.1810916666666667
1.169175
1.1562583333333334
1.140075
1.1263
1.1261666666666668
1.1204833333333333
1.1083083333333335
1.0942916666666667
1.0831833333333334
1.0741333333333334
1.0598666666666667
1.0346666666666666
0.9973083333333334
0.9423666666666667
0.798475
0.2592
0.19285
0.24013333333333334
0.21314166666666667
0.22440833333333335
0.17556666666666668
0.15741666666666668
0.20521666666666666
0.18413333333333334
0.205375
0.2645166666666667
0.18695833333333334
0.24040833333333333
0.21884166666666666
0.25490833333333335
0.28599166666666664
0.4345833333333333
0.41836666666666666
0.23985
0.4303416666666667
0.6410916666666667

